0 0.009722222222222222 0.5697916666666667 0.019444444444444445 0.015625
0 0.04652777777777778 0.34270833333333334 0.016666666666666666 0.014583333333333334
0 0.09444444444444444 0.60625 0.025694444444444443 0.014583333333333334
0 0.10208333333333333 0.8020833333333334 0.030555555555555555 0.020833333333333332
0 0.225 0.6458333333333334 0.030555555555555555 0.017708333333333333
0 0.24583333333333332 0.8552083333333333 0.034027777777777775 0.020833333333333332
0 0.2798611111111111 0.4125 0.022222222222222223 0.014583333333333334
0 0.35138888888888886 0.69375 0.029166666666666667 0.017708333333333333
0 0.34930555555555554 0.440625 0.02361111111111111 0.014583333333333334
0 0.37569444444444444 0.925 0.03680555555555556 0.025
0 0.45416666666666666 0.46458333333333335 0.021527777777777778 0.014583333333333334
0 0.49166666666666664 0.75 0.034027777777777775 0.017708333333333333
0 0.5222222222222223 0.978125 0.04027777777777778 0.03229166666666667
0 0.5625 0.5010416666666667 0.02361111111111111 0.014583333333333334
0 0.6340277777777777 0.796875 0.03333333333333333 0.017708333333333333
0 0.66875 0.5333333333333333 0.02847222222222222 0.015625
0 0.7972222222222223 0.5729166666666666 0.029166666666666667 0.017708333333333333
0 0.95 0.9104166666666667 0.03819444444444445 0.022916666666666665
0 0.95625 0.615625 0.03194444444444444 0.015625